1 10 10 1 1 1 1 1 1 1 1 1 1 1 1 1 1 1 1 1 1 1 1 1 1 1 1 1 1 1 1 1 1 1 1 1 1 1 1 1 1 1 1 1 1 1 1 1 1 1 1 1 1 1 1 1 1 1 1 1 1 1 1 1 1 1 1 1 1 1 1 1 1 1 1 1 1 1 1 1 1 1 1 1 1 1 1 1 1 1 1 1 1 1 1 1 1 1 1 1 1 1 1 
2 7 3 1 1 1 1 0 0 0 0 0 1 1 1 1 1 0 0 0 0 0 1 0 
3 3 1 1 1 1 
4 3 5 1 0 0 1 1 1 0 1 1 1 1 0 1 0 0 
5 2 1 1 1 
6 2 3 1 1 1 1 1 1 
7 3 5 1 1 1 0 1 1 0 1 1 0 1 1 0 1 0 
8 3 5 0 1 1 1 1 0 0 1 0 0 1 0 0 1 0 
9 3 4 0 0 1 1 1 1 1 1 0 1 0 0 
10 2 4 0 1 1 1 1 1 1 1 
11 2 5 0 1 0 1 1 1 1 1 1 1 
12 2 3 0 1 1 1 1 1 
13 1 2 1 1 
14 2 3 1 0 1 1 1 1 
15 2 3 0 1 1 1 1 0 
16 3 3 1 1 1 1 1 1 0 1 1 
17 1 3 1 1 1 
18 3 1 1 1 1 
19 1 1 1 
