16 10 10 1 1 1 1 1 1 1 1 1 1 1 1 1 1 1 1 1 1 1 1 1 1 1 1 1 1 1 1 1 1 1 1 1 1 1 1 1 1 1 1 1 1 1 1 1 1 1 1 1 1 1 1 1 1 1 1 1 1 1 1 1 1 1 1 1 1 1 1 1 1 1 1 1 1 1 1 1 1 1 1 1 1 1 1 1 1 1 1 1 1 1 1 1 1 1 1 1 1 1 1 
1 5 4 1 1 1 1 1 1 0 1 1 0 1 0 1 0 0 0 0 1 1 0 
2 6 6 0 1 1 1 1 1 1 1 1 1 1 1 1 1 1 1 0 0 1 1 1 1 0 0 1 1 0 0 0 0 1 0 0 0 0 0 
3 4 9 0 1 0 0 0 1 0 0 1 1 0 0 1 1 1 0 1 1 1 1 1 0 1 1 0 0 1 0 0 1 1 0 0 0 1 0 
4 1 1 1 
5 3 6 0 1 1 0 1 1 1 1 0 1 1 1 0 1 1 0 0 1 
6 1 1 1 
7 2 6 0 1 0 1 1 1 1 0 1 1 0 1 
8 1 1 1 
9 1 1 1 
10 2 2 0 1 1 1 
11 2 4 0 1 1 1 1 1 1 0 
12 3 4 1 0 0 1 1 0 1 1 1 1 1 1 
13 1 1 1 
14 2 2 1 0 1 1 
15 2 1 1 1 
